{
  "nbformat": 4,
  "nbformat_minor": 0,
  "metadata": {
    "colab": {
      "provenance": [],
      "authorship_tag": "ABX9TyNt2OtOxFxbM3KXAXGC3NQf",
      "include_colab_link": true
    },
    "kernelspec": {
      "name": "python3",
      "display_name": "Python 3"
    },
    "language_info": {
      "name": "python"
    }
  },
  "cells": [
    {
      "cell_type": "markdown",
      "metadata": {
        "id": "view-in-github",
        "colab_type": "text"
      },
      "source": [
        "<a href=\"https://colab.research.google.com/github/Manasvivek/FMML_projects_and_labs/blob/main/distance_metrics_and_knn_classifier(module3_lab_1).ipynb\" target=\"_parent\"><img src=\"https://colab.research.google.com/assets/colab-badge.svg\" alt=\"Open In Colab\"/></a>"
      ]
    },
    {
      "cell_type": "code",
      "source": [
        "\n",
        "import numpy as np\n",
        "import pandas as pd\n",
        "import math\n",
        "from scipy.spatial import distance\n",
        "import matplotlib.pyplot as plt\n",
        "#1.EUCLEDIAN DISTANCE\n",
        "x_1 = np.array((4, 9))\n",
        "x_2 = np.array((3, 8))\n",
        "sumv = 0\n",
        "for i in range(len(x_1)):\n",
        "  sumv += ((x_1[i]-x_2[i])**2)\n",
        "dist = math.sqrt(sumv)\n",
        "print(dist)\n",
        "## TASK-1\n",
        "## Write a vectorized version of computing Euclidean distance (using numpy) in the space given below\n",
        "## (Expected number of lines ~ 1). Your answer should be stored in the variable 'euclidean_dist'\n",
        "## Verify this result with what you saw above\n",
        "\n",
        "# Write your code below and uncomment the lines below in order to run the cell.\n",
        "\n",
        "# euclidean_dist =\n",
        "# print(euclidean_dist)\n",
        "# Answer to task one :\n",
        "eucledian_dist=np.sqrt(np.sum((x_1-x_2)**2))\n",
        "print(eucledian_dist)\n",
        "# using scipy pyhton library\n",
        "euclidean_dist = distance.euclidean(x_1, x_2)\n",
        "print(euclidean_dist)\n",
        "\n",
        "# 3d visualization :\n",
        "plotx = np.linspace(-10,10,100)\n",
        "meshx, meshy = np.meshgrid(plotx,plotx)\n",
        "tempeuclid = np.sqrt((meshx**2 + meshy**2))\n",
        "import plotly.graph_objects as go\n",
        "\n",
        "fig = go.Figure(data=[go.Surface(z=tempeuclid, x=plotx, y=plotx)])\n",
        "fig.update_layout(title='Euclidean Distance from origin', autosize=False,\n",
        "                  width=1000, height=1000,\n",
        "                  margin=dict(l=100, r=30, b=100, t=60))\n",
        "fig.show()"
      ],
      "metadata": {
        "colab": {
          "base_uri": "https://localhost:8080/",
          "height": 1000
        },
        "id": "6bnTM-vsJmGa",
        "outputId": "3ec0e33b-5903-4762-db4d-f85d67fbac4e"
      },
      "execution_count": 18,
      "outputs": [
        {
          "output_type": "stream",
          "name": "stdout",
          "text": [
            "1.4142135623730951\n",
            "1.4142135623730951\n",
            "1.4142135623730951\n"
          ]
        },
        {
          "output_type": "display_data",
          "data": {
            "text/html": [
              "<html>\n",
              "<head><meta charset=\"utf-8\" /></head>\n",
              "<body>\n",
              "    <div>            <script src=\"https://cdnjs.cloudflare.com/ajax/libs/mathjax/2.7.5/MathJax.js?config=TeX-AMS-MML_SVG\"></script><script type=\"text/javascript\">if (window.MathJax && window.MathJax.Hub && window.MathJax.Hub.Config) {window.MathJax.Hub.Config({SVG: {font: \"STIX-Web\"}});}</script>                <script type=\"text/javascript\">window.PlotlyConfig = {MathJaxConfig: 'local'};</script>\n",
              "        <script charset=\"utf-8\" src=\"https://cdn.plot.ly/plotly-2.35.2.min.js\"></script>                <div id=\"ea847fea-ff1b-4162-9cfe-fca1b0f2e08e\" class=\"plotly-graph-div\" style=\"height:1000px; width:1000px;\"></div>            <script type=\"text/javascript\">                                    window.PLOTLYENV=window.PLOTLYENV || {};                                    if (document.getElementById(\"ea847fea-ff1b-4162-9cfe-fca1b0f2e08e\")) {                    Plotly.newPlot(                        \"ea847fea-ff1b-4162-9cfe-fca1b0f2e08e\",                        [{\"x\":[-10.0,-9.797979797979798,-9.595959595959595,-9.393939393939394,-9.191919191919192,-8.98989898989899,-8.787878787878787,-8.585858585858587,-8.383838383838384,-8.181818181818182,-7.979797979797979,-7.777777777777778,-7.575757575757576,-7.373737373737374,-7.171717171717171,-6.96969696969697,-6.767676767676768,-6.565656565656566,-6.363636363636363,-6.161616161616162,-5.959595959595959,-5.757575757575758,-5.555555555555555,-5.353535353535354,-5.151515151515151,-4.94949494949495,-4.747474747474747,-4.545454545454546,-4.343434343434343,-4.141414141414142,-3.9393939393939394,-3.737373737373738,-3.5353535353535355,-3.333333333333333,-3.1313131313131315,-2.929292929292929,-2.7272727272727275,-2.525252525252525,-2.3232323232323235,-2.121212121212121,-1.9191919191919187,-1.717171717171718,-1.5151515151515156,-1.3131313131313131,-1.1111111111111107,-0.9090909090909101,-0.7070707070707076,-0.5050505050505052,-0.30303030303030276,-0.10101010101010033,0.10101010101010033,0.30303030303030276,0.5050505050505052,0.7070707070707076,0.9090909090909083,1.1111111111111107,1.3131313131313131,1.5151515151515156,1.7171717171717162,1.9191919191919187,2.121212121212121,2.3232323232323235,2.525252525252524,2.7272727272727266,2.929292929292929,3.1313131313131315,3.333333333333334,3.5353535353535346,3.737373737373737,3.9393939393939394,4.141414141414142,4.3434343434343425,4.545454545454545,4.747474747474747,4.94949494949495,5.1515151515151505,5.353535353535353,5.555555555555555,5.757575757575758,5.9595959595959584,6.161616161616163,6.363636363636363,6.565656565656564,6.767676767676768,6.969696969696969,7.171717171717173,7.373737373737374,7.575757575757574,7.777777777777779,7.979797979797979,8.18181818181818,8.383838383838384,8.585858585858585,8.787878787878789,8.98989898989899,9.19191919191919,9.393939393939394,9.595959595959595,9.7979797979798,10.0],\"y\":[-10.0,-9.797979797979798,-9.595959595959595,-9.393939393939394,-9.191919191919192,-8.98989898989899,-8.787878787878787,-8.585858585858587,-8.383838383838384,-8.181818181818182,-7.979797979797979,-7.777777777777778,-7.575757575757576,-7.373737373737374,-7.171717171717171,-6.96969696969697,-6.767676767676768,-6.565656565656566,-6.363636363636363,-6.161616161616162,-5.959595959595959,-5.757575757575758,-5.555555555555555,-5.353535353535354,-5.151515151515151,-4.94949494949495,-4.747474747474747,-4.545454545454546,-4.343434343434343,-4.141414141414142,-3.9393939393939394,-3.737373737373738,-3.5353535353535355,-3.333333333333333,-3.1313131313131315,-2.929292929292929,-2.7272727272727275,-2.525252525252525,-2.3232323232323235,-2.121212121212121,-1.9191919191919187,-1.717171717171718,-1.5151515151515156,-1.3131313131313131,-1.1111111111111107,-0.9090909090909101,-0.7070707070707076,-0.5050505050505052,-0.30303030303030276,-0.10101010101010033,0.10101010101010033,0.30303030303030276,0.5050505050505052,0.7070707070707076,0.9090909090909083,1.1111111111111107,1.3131313131313131,1.5151515151515156,1.7171717171717162,1.9191919191919187,2.121212121212121,2.3232323232323235,2.525252525252524,2.7272727272727266,2.929292929292929,3.1313131313131315,3.333333333333334,3.5353535353535346,3.737373737373737,3.9393939393939394,4.141414141414142,4.3434343434343425,4.545454545454545,4.747474747474747,4.94949494949495,5.1515151515151505,5.353535353535353,5.555555555555555,5.757575757575758,5.9595959595959584,6.161616161616163,6.363636363636363,6.565656565656564,6.767676767676768,6.969696969696969,7.171717171717173,7.373737373737374,7.575757575757574,7.777777777777779,7.979797979797979,8.18181818181818,8.383838383838384,8.585858585858585,8.787878787878789,8.98989898989899,9.19191919191919,9.393939393939394,9.595959595959595,9.7979797979798,10.0],\"z\":[[14.142135623730951,14.000014575764563,13.859380959021548,13.720280512329419,13.582760339149491,13.446868923603995,13.312656143326542,13.180173278692568,13.049473017954472,12.92060945777445,12.793638098617137,12.668615834434867,12.545600936051182,12.424653027624206,12.305833055551458,12.189203249162889,12.07482707254029,11.962769166800351,11.853095282186635,11.74587219933409,11.641167639100146,11.53905016039986,11.439589045541112,11.342854172630137,11.248915874709445,11.157844785399913,11.069711670947461,10.984587248722338,10.902541992385304,10.823645924119333,10.74796839452618,10.675577851002302,10.606541595635061,10.540925533894598,10.478793915634283,10.420209070148523,10.36523113726489,10.313917796661666,10.266323997795483,10.222501692989697,10.182499576365892,10.146362831392068,10.11413288986584,10.08584720514474,10.061539042374907,10.041237288352056,10.024966283474347,10.012745678017183,10.004590314678289,10.000510139013214,10.000510139013214,10.004590314678289,10.012745678017183,10.024966283474347,10.041237288352056,10.061539042374907,10.08584720514474,10.11413288986584,10.146362831392068,10.182499576365892,10.222501692989697,10.266323997795483,10.313917796661666,10.36523113726489,10.420209070148523,10.478793915634283,10.540925533894598,10.606541595635061,10.675577851002302,10.74796839452618,10.823645924119333,10.902541992385304,10.984587248722338,11.069711670947461,11.157844785399913,11.248915874709445,11.342854172630137,11.439589045541112,11.53905016039986,11.641167639100146,11.74587219933409,11.853095282186635,11.96276916680035,12.07482707254029,12.189203249162889,12.30583305555146,12.424653027624206,12.545600936051182,12.668615834434867,12.793638098617137,12.92060945777445,13.049473017954472,13.180173278692568,13.312656143326544,13.446868923603995,13.58276033914949,13.720280512329419,13.859380959021548,14.000014575764565,14.142135623730951],[14.000014575764563,13.856435914160627,13.714330048854347,13.573743236801949,13.434723166198573,13.297318976779007,13.161581277037731,13.027562157901293,12.895315202349343,12.764895490443736,12.63635959918869,12.509765596609476,12.385173029403688,12.262642903488285,12.142237656738695,12.024021123194327,11.908058487989221,11.794416232258781,11.683162067275079,11.574364857075732,11.468094528876744,11.364421970599485,11.263418914898107,11.165157809147757,11.06971167094746,10.977153928805784,10.887558247813448,10.800998340265293,10.717547761374576,10.637279690424863,10.560266697927375,10.48658049959238,10.416291698179203,10.349469514556356,10.28618150957654,10.22649329864474,10.170468261124748,10.11816724698275,10.069648283298266,10.024966283474347,9.98417276214268,9.947315558876912,9.914438573892431,9.88558151891664,9.860779686356187,9.84006373976368,9.823459528415523,9.810987928556024,9.802664713544724,9.798500454769918,9.798500454769918,9.802664713544724,9.810987928556024,9.823459528415523,9.84006373976368,9.860779686356187,9.88558151891664,9.914438573892431,9.947315558876912,9.98417276214268,10.024966283474347,10.069648283298266,10.11816724698275,10.170468261124748,10.22649329864474,10.28618150957654,10.349469514556356,10.416291698179203,10.48658049959238,10.560266697927375,10.637279690424863,10.717547761374576,10.800998340265293,10.887558247813448,10.977153928805784,11.06971167094746,11.165157809147756,11.263418914898107,11.364421970599485,11.468094528876744,11.574364857075732,11.683162067275079,11.79441623225878,11.908058487989221,12.024021123194325,12.142237656738695,12.262642903488285,12.385173029403687,12.509765596609476,12.63635959918869,12.764895490443735,12.895315202349343,13.027562157901293,13.161581277037733,13.297318976779007,13.434723166198571,13.573743236801949,13.714330048854347,13.85643591416063,14.000014575764563],[13.859380959021548,13.714330048854347,13.570736204590306,13.428646167961068,13.288108179799766,13.149172004954377,13.011888954250223,12.876311903012082,12.742495305614629,12.610495205487357,12.480369239957485,12.35217663927224,12.225978219101217,12.101836365781038,11.979815013529716,11.859979612827846,11.742397089139889,11.627135791132664,11.514265427541789,11.403856991841774,11.295982673894358,11.19071575778391,11.088130505101086,10.98830202300801,10.891306116512345,10.797219124495207,10.70611773918069,10.618078808903352,10.533179124225219,10.451495187675018,10.373102967628478,10.29807763711752,10.22649329864474,10.158422696383536,10.093936917458079,10.033105084314357,9.975994040506173,9.922668032519445,9.873188390535272,9.827613211277002,9.785997046289182,9.748390599147303,9.714840435187547,9.685388707368178,9.660072901822408,9.638925606533167,9.621974306351401,9.609241207293154,9.600743092690465,9.59649121334434,9.59649121334434,9.600743092690465,9.609241207293154,9.621974306351401,9.638925606533167,9.660072901822408,9.685388707368178,9.714840435187547,9.748390599147303,9.785997046289182,9.827613211277002,9.873188390535272,9.922668032519445,9.975994040506173,10.033105084314357,10.093936917458079,10.158422696383536,10.22649329864474,10.29807763711752,10.373102967628478,10.451495187675018,10.533179124225219,10.618078808903352,10.70611773918069,10.797219124495207,10.891306116512345,10.98830202300801,11.088130505101086,11.19071575778391,11.295982673894358,11.403856991841774,11.514265427541789,11.627135791132662,11.742397089139889,11.859979612827846,11.979815013529716,12.101836365781038,12.225978219101215,12.35217663927224,12.480369239957485,12.610495205487355,12.742495305614629,12.876311903012082,13.011888954250225,13.149172004954377,13.288108179799764,13.428646167961068,13.570736204590306,13.714330048854348,13.859380959021548],[13.720280512329419,13.573743236801949,13.428646167961068,13.285036495019984,13.142962975211441,13.002475963661432,12.863627440479469,12.726471034555026,12.591062043502456,12.457457449148162,12.325715927904323,12.195897855324151,12.068065304084774,11.94228203459698,11.818613477396973,11.697126706435625,11.577890402346979,11.460974804751801,11.34645165263579,11.234394111837805,11.124876688693629,11.017975128907784,10.913766300772187,10.812328061918919,10.713739108887083,10.618078808903354,10.525427013424057,10.435863853165191,10.349469514556356,10.266323997795485,10.18650685695249,10.110096922869602,10.037172009931043,9.96780860812032,9.90208156214341,9.84006373976368,9.781825691859984,9.727435307073529,9.676957464240395,9.630453686103458,9.587981798047908,9.549595595796761,9.515344526125807,9.485273384701804,9.45942203510558,9.437825152968143,9.420511998920436,9.407506223737416,9.398825708648983,9.39448244330216,9.39448244330216,9.398825708648983,9.407506223737416,9.420511998920436,9.437825152968143,9.45942203510558,9.485273384701804,9.515344526125807,9.549595595796761,9.587981798047908,9.630453686103458,9.676957464240395,9.727435307073529,9.781825691859984,9.84006373976368,9.90208156214341,9.96780860812032,10.037172009931043,10.110096922869602,10.18650685695249,10.266323997795485,10.349469514556356,10.435863853165191,10.525427013424057,10.618078808903354,10.713739108887083,10.812328061918919,10.913766300772187,11.017975128907784,11.124876688693629,11.234394111837805,11.34645165263579,11.460974804751801,11.577890402346979,11.697126706435625,11.818613477396974,11.94228203459698,12.068065304084772,12.195897855324153,12.325715927904323,12.45745744914816,12.591062043502456,12.726471034555022,12.86362744047947,13.002475963661432,13.142962975211441,13.285036495019984,13.428646167961068,13.57374323680195,13.720280512329419],[13.582760339149491,13.434723166198573,13.288108179799766,13.142962975211441,12.999336785449662,12.85728051647623,12.716846779812293,12.578089922048338,12.441066050668415,12.305833055551458,12.172450625455841,12.04098025873584,11.911485267481158,11.784030774214047,11.65868370022428,11.535512744571673,11.414588352740726,11.29598267389436,11.179769505645785,11.066024225251898,10.954823706130776,10.846246218623126,10.740371313955423,10.637279690424863,10.537053040915309,10.439773880973112,10.345525356823732,10.25439103289736,10.166454658655459,10.081799914771043,10.000510139013214,9.922668032519445,9.848355347503922,9.777652557842474,9.710638514387528,9.647390087291896,9.587981798047908,9.53248544436689,9.480969721420053,9.43349984332165,9.39013716904412,9.350938837198479,9.315957414277843,9.285240561035472,9.258830721641202,9.236764840124712,9.219074108367382,9.205783749547027,9.196912840476799,9.192474175719964,9.192474175719964,9.196912840476799,9.205783749547027,9.219074108367382,9.236764840124712,9.258830721641202,9.285240561035472,9.315957414277843,9.350938837198479,9.39013716904412,9.43349984332165,9.480969721420053,9.53248544436689,9.587981798047908,9.647390087291896,9.710638514387528,9.777652557842474,9.848355347503922,9.922668032519445,10.000510139013214,10.081799914771043,10.166454658655459,10.254391032897358,10.345525356823732,10.439773880973112,10.537053040915309,10.637279690424863,10.740371313955423,10.846246218623126,10.954823706130776,11.066024225251898,11.179769505645785,11.295982673894358,11.414588352740726,11.535512744571673,11.65868370022428,11.784030774214047,11.911485267481158,12.04098025873584,12.172450625455841,12.305833055551458,12.441066050668415,12.578089922048337,12.716846779812297,12.85728051647623,12.99933678544966,13.142962975211441,13.288108179799766,13.434723166198573,13.582760339149491],[13.446868923603995,13.297318976779007,13.149172004954377,13.002475963661432,12.85728051647623,12.713637075879339,12.571598841795613,12.4312208372689,12.292559940667717,12.155674913756021,12.020626424898778,11.887477066605879,11.756291366550727,11.627135791132664,11.50007874058651,11.37519053457963,11.252543387178685,11.132211370017012,11.0142703624517,10.898797987469827,10.785873532089061,10.675577851002302,10.567993252242882,10.463203363699845,10.361292979395817,10.26234788455658,10.166454658655459,10.073700455809686,9.98417276214268,9.89795913000715,9.815146889289053,9.735822836381002,9.660072901822408,9.587981798047908,9.519632649158313,9.455106605120454,9.394482443302158,9.337836160743084,9.285240561035472,9.236764840124712,9.192474175719964,9.15242932531256,9.116686238017232,9.085295685563175,9.0583029177557,9.035747347595471,9.017662270976018,9.004074625481435,8.995004792280074,8.990466444467325,8.990466444467325,8.995004792280074,9.004074625481435,9.017662270976018,9.035747347595471,9.0583029177557,9.085295685563175,9.116686238017232,9.15242932531256,9.192474175719964,9.236764840124712,9.285240561035472,9.337836160743084,9.394482443302158,9.455106605120454,9.519632649158313,9.587981798047908,9.660072901822408,9.735822836381002,9.815146889289053,9.89795913000715,9.98417276214268,10.073700455809686,10.166454658655459,10.26234788455658,10.361292979395817,10.463203363699845,10.567993252242882,10.675577851002302,10.785873532089061,10.898797987469827,11.0142703624517,11.13221137001701,11.252543387178685,11.375190534579628,11.500078740586511,11.627135791132664,11.756291366550727,11.887477066605879,12.020626424898778,12.15567491375602,12.292559940667717,12.4312208372689,12.571598841795614,12.713637075879339,12.857280516476226,13.002475963661432,13.149172004954377,13.297318976779009,13.446868923603995],[13.312656143326542,13.161581277037731,13.011888954250223,12.863627440479469,12.716846779812293,12.571598841795613,12.427937366309015,12.28591800586393,12.145598364706933,12.007038034035727,11.870298622563707,11.735443781593593,11.602539223682816,11.471652733904616,11.342854172630135,11.216215468679845,11.091810601619638,10.969715571909743,10.850008357556456,10.732768855870297,10.618078808903352,10.5060217111271,10.39668269792409,10.290148413507108,10.18650685695249,10.08584720514474,9.988259611582007,9.89383498019061,9.802664713544724,9.714840435187547,9.630453686103456,9.54959559579676,9.472356528889032,9.398825708648983,9.329090819409144,9.26323759039222,9.201349364053923,9.143506652633015,9.089786687164963,9.04026296374321,8.995004792280074,8.954076853406185,8.917538769431612,8.885444695454241,8.857842936724747,8.834775598250454,8.816278272335067,8.802379769306803,8.793101896089034,8.78845928652776,8.78845928652776,8.793101896089034,8.802379769306803,8.816278272335067,8.834775598250454,8.857842936724747,8.885444695454241,8.917538769431612,8.954076853406184,8.995004792280074,9.04026296374321,9.089786687164963,9.143506652633015,9.201349364053923,9.26323759039222,9.329090819409144,9.398825708648983,9.472356528889032,9.54959559579676,9.630453686103456,9.714840435187547,9.802664713544724,9.89383498019061,9.988259611582007,10.08584720514474,10.18650685695249,10.290148413507108,10.39668269792409,10.5060217111271,10.618078808903352,10.7327688558703,10.850008357556456,10.969715571909743,11.091810601619638,11.216215468679845,11.342854172630137,11.471652733904616,11.602539223682815,11.735443781593595,11.870298622563707,12.007038034035725,12.145598364706933,12.285918005863929,12.427937366309017,12.571598841795613,12.716846779812293,12.863627440479469,13.011888954250223,13.161581277037733,13.312656143326542],[13.180173278692568,13.027562157901293,12.876311903012082,12.726471034555026,12.578089922048338,12.4312208372689,12.28591800586393,12.142237656738695,12.000238068583615,11.859979612827848,11.721524792225178,11.584938274192721,11.450286917933974,11.317639794286304,11.18706819714015,11.058645645184798,10.932447872645607,10.808552807592271,10.687040536320456,10.567993252242882,10.451495187675018,10.337632526869276,10.22649329864474,10.11816724698275,10.012745678017183,9.910321281948312,9.810987928556024,9.714840435187549,9.621974306351401,9.532485444366891,9.446469830899547,9.364023179658012,9.285240561035472,9.210216000044337,9.13904204950911,9.071809341138467,9.008606117779111,8.949517750843107,8.894626247576289,8.84400975347375,8.797742055723909,8.755892094048217,8.718523485672762,8.685694071396227,8.657455489784292,8.633852786407314,8.614924064735515,8.600700184811314,8.591204515137342,8.586452742365013,8.586452742365013,8.591204515137342,8.600700184811314,8.614924064735515,8.633852786407314,8.657455489784292,8.685694071396227,8.718523485672762,8.755892094048216,8.797742055723909,8.84400975347375,8.894626247576289,8.949517750843107,9.008606117779111,9.071809341138467,9.13904204950911,9.210216000044337,9.285240561035472,9.364023179658012,9.446469830899547,9.532485444366891,9.621974306351401,9.714840435187549,9.810987928556024,9.910321281948312,10.012745678017183,10.11816724698275,10.22649329864474,10.337632526869276,10.451495187675018,10.567993252242882,10.687040536320456,10.808552807592271,10.932447872645607,11.058645645184798,11.18706819714015,11.317639794286304,11.450286917933973,11.584938274192721,11.721524792225178,11.859979612827846,12.000238068583615,12.142237656738695,12.285918005863932,12.4312208372689,12.578089922048337,12.726471034555026,12.876311903012082,13.027562157901297,13.180173278692568],[13.049473017954472,12.895315202349343,12.742495305614629,12.591062043502456,12.441066050668415,12.292559940667717,12.145598364706933,12.000238068583615,11.856537947168373,11.714559095700203,11.574364857075732,11.436020864217397,11.299595076504739,11.165157809147757,11.03278175427325,10.902541992385304,10.774515992752235,10.648783601166425,10.525427013424055,10.404530732782295,10.286181509576538,10.170468261124748,10.057481970015457,9.947315558876912,9.84006373976368,9.735822836381002,9.63469057750337,9.536765860139129,9.442148481253973,9.350938837198479,9.263237590392222,9.179145303302086,9.098762040313975,9.022186938732366,8.949517750843107,8.880850359730612,8.816278272335069,8.755892094048216,8.699778989953323,8.648022138587471,8.600700184811313,8.557886698979852,8.519649650084665,8.486050900851808,8.45714573290282,8.432982409996688,8.413601787054061,8.399036972116123,8.389313047614593,8.384446856342276,8.384446856342276,8.389313047614593,8.399036972116123,8.413601787054061,8.432982409996688,8.45714573290282,8.486050900851808,8.519649650084665,8.557886698979852,8.600700184811313,8.648022138587471,8.699778989953323,8.755892094048216,8.816278272335069,8.880850359730612,8.949517750843107,9.022186938732366,9.098762040313975,9.179145303302086,9.263237590392222,9.350938837198479,9.442148481253973,9.536765860139127,9.63469057750337,9.735822836381002,9.84006373976368,9.947315558876912,10.057481970015457,10.170468261124748,10.286181509576538,10.404530732782296,10.525427013424055,10.648783601166425,10.774515992752235,10.902541992385304,11.032781754273252,11.165157809147757,11.299595076504737,11.436020864217397,11.574364857075732,11.714559095700203,11.856537947168373,12.000238068583613,12.145598364706936,12.292559940667717,12.441066050668413,12.591062043502456,12.742495305614629,12.895315202349343,13.049473017954472],[12.92060945777445,12.764895490443736,12.610495205487357,12.457457449148162,12.305833055551458,12.155674913756021,12.007038034035727,11.859979612827848,11.714559095700203,11.57083823759805,11.428881159532567,11.288754400766473,11.150526965438848,11.0142703624517,10.880058637315955,10.747968394526183,10.618078808903354,10.490471624215937,10.36523113726489,10.242444165501713,10.122199996145259,10.00459031467829,9.8897091105449,9.777652557842474,9.668518868814434,9.562408118011206,9.45942203510558,9.359663764533638,9.263237590392222,9.170248625366469,9.080802462891938,8.995004792280076,8.912960977153851,8.834775598250456,8.760551962443042,8.690391580701997,8.624393618641035,8.562654324251612,8.505266438392276,8.452318594534153,8.403894715131916,8.360073412750934,8.320927404694533,8.286522950300478,8.256919320277094,8.232168307397652,8.212313787546604,8.197391339504437,8.187427930973513,8.182441677203489,8.182441677203489,8.187427930973513,8.197391339504437,8.212313787546604,8.232168307397652,8.256919320277094,8.286522950300478,8.320927404694533,8.360073412750934,8.403894715131916,8.452318594534153,8.505266438392276,8.562654324251612,8.624393618641035,8.690391580701997,8.760551962443042,8.834775598250456,8.912960977153851,8.995004792280076,9.080802462891938,9.170248625366469,9.263237590392222,9.359663764533636,9.45942203510558,9.562408118011206,9.668518868814434,9.777652557842474,9.8897091105449,10.00459031467829,10.122199996145257,10.242444165501713,10.36523113726489,10.490471624215935,10.618078808903354,10.74796839452618,10.880058637315956,11.0142703624517,11.150526965438846,11.288754400766473,11.428881159532567,11.57083823759805,11.714559095700203,11.859979612827846,12.007038034035729,12.155674913756021,12.305833055551458,12.457457449148162,12.610495205487357,12.764895490443736,12.92060945777445],[12.793638098617137,12.63635959918869,12.480369239957485,12.325715927904323,12.172450625455841,12.020626424898778,11.870298622563707,11.721524792225178,11.574364857075732,11.428881159532567,11.285138528027726,11.143204339815444,11.003148578704016,10.865043886484731,10.728965606687852,10.594991819146962,10.463203363699845,10.333683851199295,10.206519659853841,10.081799914771041,9.959616448439187,9.84006373976368,9.723238829178891,9.609241207293154,9.498172674503136,9.39013716904412,9.285240561035472,9.183590410247035,9.085295685563175,8.990466444467325,8.899213471319902,8.811647873763388,8.727880637263816,8.648022138587471,8.57218161990995,8.5004666262502,8.432982409996686,8.369831307420847,8.311112093221903,8.256919320277094,8.20734265283712,8.162466202358353,8.122367875949342,8.087118747979028,8.056782465700714,8.031414699751199,8.01106265005994,7.995764617035676,7.985549646889846,7.980437258627749,7.980437258627749,7.985549646889846,7.995764617035676,8.01106265005994,8.031414699751199,8.056782465700714,8.087118747979028,8.122367875949342,8.16246620235835,8.20734265283712,8.256919320277094,8.311112093221903,8.369831307420847,8.432982409996686,8.5004666262502,8.57218161990995,8.648022138587471,8.727880637263816,8.811647873763388,8.899213471319902,8.990466444467325,9.085295685563175,9.183590410247033,9.285240561035472,9.39013716904412,9.498172674503136,9.609241207293154,9.723238829178891,9.84006373976368,9.959616448439185,10.081799914771041,10.206519659853841,10.333683851199293,10.463203363699845,10.59499181914696,10.728965606687854,10.865043886484731,11.003148578704014,11.143204339815444,11.285138528027726,11.428881159532567,11.574364857075732,11.721524792225178,11.870298622563709,12.020626424898778,12.172450625455838,12.325715927904323,12.480369239957485,12.63635959918869,12.793638098617137],[12.668615834434867,12.509765596609476,12.35217663927224,12.195897855324151,12.04098025873584,11.887477066605879,11.735443781593593,11.584938274192721,11.436020864217397,11.288754400766473,11.143204339815444,10.999438818457406,10.857528724674973,10.717547761374576,10.579572503253464,10.443682444899258,10.30996003834378,10.178490718109586,10.049362911602351,9.922668032519445,9.798500454769918,9.676957464240395,9.558139185602919,9.442148481253973,9.329090819409144,9.219074108367382,9.112208494015281,9.008606117779111,8.90838083246438,8.81164787376339,8.718523485672762,8.629124498655976,8.543567860117374,8.461970117626565,8.384446856342276,8.311112093221904,8.242077631848625,8.177452383033977,8.117341657723006,8.061846440094914,8.01106265005994,7.965080405541949,7.92398329594149,7.887847678931166,7.856742013183861,7.830726239722952,7.80985122427382,7.794158272266839,7.783678726993327,7.778433659870083,7.778433659870083,7.783678726993327,7.794158272266839,7.80985122427382,7.830726239722951,7.856742013183861,7.887847678931166,7.92398329594149,7.965080405541948,8.01106265005994,8.061846440094914,8.117341657723006,8.177452383033977,8.242077631848625,8.311112093221904,8.384446856342276,8.461970117626565,8.543567860117374,8.629124498655976,8.718523485672762,8.81164787376339,8.90838083246438,9.00860611777911,9.112208494015281,9.219074108367382,9.329090819409144,9.442148481253973,9.558139185602919,9.676957464240395,9.798500454769918,9.922668032519445,10.049362911602351,10.178490718109584,10.30996003834378,10.443682444899258,10.579572503253464,10.717547761374576,10.857528724674971,10.999438818457406,11.143204339815444,11.288754400766472,11.436020864217397,11.584938274192721,11.735443781593595,11.887477066605879,12.040980258735837,12.195897855324151,12.35217663927224,12.509765596609478,12.668615834434867],[12.545600936051182,12.385173029403688,12.225978219101217,12.068065304084774,11.911485267481158,11.756291366550727,11.602539223682816,11.450286917933974,11.299595076504739,11.150526965438848,11.003148578704016,10.857528724674973,10.713739108887085,10.571854411762377,10.43195235982945,10.294113788765472,10.158422696383537,10.024966283474347,9.893834980190611,9.765122455439961,9.638925606533167,9.515344526125808,9.39448244330216,9.276445635489987,9.161343307776349,9.049287436131328,8.940392571054065,8.834775598250456,8.732555453151914,8.633852786407314,8.53878957794265,8.447488697800031,8.360073412750934,8.276666838634947,8.197391339504437,8.122367875949344,8.051715306416014,7.985549646889847,7.923983295941491,7.867124233786163,7.81507520560998,7.767932900901164,7.72578714180725,7.688720094539421,7.656805518483728,7.630108067887377,7.608682660713731,7.592573928471166,7.581815759513215,7.576430946504718,7.576430946504718,7.581815759513215,7.592573928471166,7.608682660713731,7.6301080678873765,7.656805518483728,7.688720094539421,7.72578714180725,7.7679329009011635,7.81507520560998,7.867124233786163,7.923983295941491,7.985549646889846,8.051715306416014,8.122367875949344,8.197391339504437,8.276666838634947,8.360073412750934,8.44748869780003,8.53878957794265,8.633852786407314,8.732555453151914,8.834775598250456,8.940392571054065,9.049287436131328,9.161343307776347,9.276445635489985,9.39448244330216,9.515344526125808,9.638925606533167,9.765122455439963,9.893834980190611,10.024966283474347,10.158422696383537,10.294113788765472,10.431952359829452,10.571854411762377,10.713739108887083,10.857528724674973,11.003148578704016,11.150526965438846,11.299595076504739,11.450286917933973,11.602539223682818,11.756291366550727,11.911485267481158,12.068065304084774,12.225978219101217,12.38517302940369,12.545600936051182],[12.424653027624206,12.262642903488285,12.101836365781038,11.94228203459698,11.784030774214047,11.627135791132664,11.471652733904616,11.317639794286304,11.165157809147757,11.0142703624517,10.865043886484731,10.717547761374576,10.571854411762377,10.428039399316761,10.286181509576538,10.146362831392068,10.008668827002081,9.873188390535274,9.740013892466806,9.609241207293156,9.480969721420053,9.355302317994614,9.232345335163517,9.112208494015281,8.995004792280074,8.880850359730612,8.769864271171006,8.662168312936705,8.557886698979852,8.45714573290282,8.360073412750934,8.26679897600409,8.177452383033977,8.092163738331204,8.011062650059941,7.934277529961811,7.861934837288907,7.794158272266839,7.7310679265262445,7.672779399932502,7.619402895210549,7.571042303613539,7.5277942965198825,7.489747439158233,7.456981343552222,7.4295658781548655,7.407560451433981,7.391013385828976,7.379961397013265,7.3744291912904965,7.3744291912904965,7.379961397013265,7.391013385828976,7.407560451433981,7.429565878154865,7.456981343552222,7.489747439158233,7.5277942965198825,7.571042303613539,7.619402895210549,7.672779399932502,7.7310679265262445,7.794158272266839,7.861934837288907,7.934277529961811,8.011062650059941,8.092163738331204,8.177452383033977,8.26679897600409,8.360073412750934,8.45714573290282,8.557886698979852,8.662168312936705,8.769864271171006,8.880850359730612,8.995004792280074,9.112208494015281,9.232345335163517,9.355302317994614,9.48096972142005,9.609241207293156,9.740013892466806,9.873188390535272,10.008668827002081,10.146362831392066,10.28618150957654,10.428039399316761,10.571854411762375,10.717547761374576,10.865043886484731,11.014270362451699,11.165157809147757,11.317639794286304,11.47165273390462,11.627135791132664,11.784030774214045,11.94228203459698,12.101836365781038,12.262642903488285,12.424653027624206],[12.305833055551458,12.142237656738695,11.979815013529716,11.818613477396973,11.65868370022428,11.50007874058651,11.342854172630135,11.18706819714015,11.03278175427325,10.880058637315955,10.728965606687852,10.579572503253464,10.43195235982945,10.286181509576538,10.142339689746438,10.000510139013214,9.860779686356187,9.723238829178891,9.587981798047908,9.455106605120454,9.324715073005471,9.196912840476799,9.071809341138467,8.949517750843105,8.830154899399734,8.713841141894829,8.600700184811313,8.490858862087883,8.384446856342276,8.281596360715003,8.182441677203489,8.087118747979028,7.995764617035676,7.908516820631669,7.825512706362248,7.746888682349095,7.672779399932502,7.603316875377297,7.538629558402137,7.478841357742533,7.424070636368872,7.3744291912904965,7.330021234960297,7.290942397017611,7.257278766337801,7.229105993972884,7.206488477469482,7.189478646171412,7.17811636543025,7.172428475182517,7.172428475182517,7.17811636543025,7.189478646171412,7.206488477469482,7.229105993972883,7.257278766337801,7.290942397017611,7.330021234960297,7.3744291912904965,7.424070636368872,7.478841357742533,7.538629558402137,7.603316875377297,7.672779399932502,7.746888682349095,7.825512706362248,7.90851682063167,7.995764617035676,8.087118747979028,8.182441677203489,8.281596360715003,8.384446856342276,8.490858862087881,8.600700184811313,8.713841141894829,8.830154899399734,8.949517750843105,9.071809341138467,9.196912840476799,9.32471507300547,9.455106605120454,9.587981798047908,9.723238829178891,9.860779686356187,10.000510139013212,10.14233968974644,10.286181509576538,10.431952359829449,10.579572503253464,10.728965606687852,10.880058637315955,11.03278175427325,11.187068197140148,11.342854172630137,11.50007874058651,11.658683700224278,11.818613477396973,11.979815013529716,12.142237656738695,12.305833055551458],[12.189203249162889,12.024021123194327,11.859979612827846,11.697126706435625,11.535512744571673,11.37519053457963,11.216215468679845,11.058645645184798,10.902541992385304,10.747968394526183,10.594991819146962,10.443682444899258,10.294113788765472,10.146362831392068,10.000510139013214,9.856639980176118,9.714840435187549,9.575203495882075,9.437825152968143,9.30280546784101,9.170248625366469,9.04026296374321,8.912960977153851,8.788459286527761,8.666878573378844,8.548343471367955,8.432982409996688,8.320927404694533,8.212313787546604,8.107279873059037,8.005966553710852,7.908516820631671,7.81507520560998,7.72578714180725,7.640798242051492,7.56025349541989,7.484296384986951,7.413067932084353,7.34670567513866,7.285342594043216,7.229105993972884,7.178116365430251,7.132486239963527,7.092319063249277,7.057708108914515,7.028735457420122,7.00547106440392,6.987971941991102,6.976281474679599,6.970428888519644,6.970428888519644,6.976281474679599,6.987971941991102,7.00547106440392,7.028735457420122,7.057708108914515,7.092319063249277,7.132486239963527,7.178116365430251,7.229105993972884,7.285342594043216,7.34670567513866,7.413067932084352,7.48429638498695,7.56025349541989,7.640798242051492,7.72578714180725,7.815075205609979,7.90851682063167,8.005966553710852,8.107279873059037,8.212313787546604,8.320927404694533,8.432982409996688,8.548343471367955,8.666878573378842,8.78845928652776,8.912960977153851,9.04026296374321,9.170248625366467,9.302805467841011,9.437825152968143,9.575203495882073,9.714840435187549,9.856639980176116,10.000510139013214,10.146362831392068,10.294113788765472,10.443682444899258,10.594991819146962,10.74796839452618,10.902541992385304,11.058645645184798,11.216215468679849,11.37519053457963,11.53551274457167,11.697126706435625,11.859979612827846,12.024021123194329,12.189203249162889],[12.07482707254029,11.908058487989221,11.742397089139889,11.577890402346979,11.414588352740726,11.252543387178685,11.091810601619638,10.932447872645607,10.774515992752235,10.618078808903354,10.463203363699845,10.30996003834378,10.158422696383537,10.008668827002081,9.860779686356187,9.714840435187549,9.570940270605796,9.42917254958785,9.289634901348217,9.15242932531256,9.017662270976018,8.885444695454243,8.755892094048216,8.629124498655978,8.505266438392278,8.384446856342278,8.266798976004091,8.152460110699424,8.041571409088947,7.934277529961812,7.830726239722952,7.7310679265262445,7.635455025844145,7.544041353469835,7.456981343552223,7.374429191290497,7.29653790236695,7.2234582540529795,7.155337676131248,7.092319063249277,7.034539533931374,6.982129155064832,6.935209654049242,6.893893143738002,6.858280887583013,6.828462133800231,6.804513047716886,6.786495770602354,6.774457631154431,6.768430532424628,6.768430532424628,6.774457631154431,6.786495770602354,6.804513047716886,6.8284621338002305,6.858280887583013,6.893893143738002,6.935209654049242,6.982129155064831,7.034539533931374,7.092319063249277,7.155337676131248,7.2234582540529795,7.29653790236695,7.374429191290497,7.456981343552223,7.544041353469836,7.635455025844145,7.7310679265262445,7.830726239722952,7.934277529961812,8.041571409088947,8.152460110699423,8.266798976004091,8.384446856342278,8.505266438392276,8.629124498655978,8.755892094048216,8.885444695454243,9.017662270976018,9.152429325312562,9.289634901348217,9.42917254958785,9.570940270605796,9.714840435187549,9.860779686356187,10.008668827002081,10.158422696383536,10.309960038343782,10.463203363699845,10.618078808903352,10.774515992752235,10.932447872645607,11.09181060161964,11.252543387178685,11.414588352740724,11.577890402346979,11.742397089139889,11.908058487989221,12.07482707254029],[11.962769166800351,11.794416232258781,11.627135791132664,11.460974804751801,11.29598267389436,11.132211370017012,10.969715571909743,10.808552807592271,10.648783601166425,10.490471624215937,10.333683851199295,10.178490718109586,10.024966283474347,9.873188390535274,9.723238829178891,9.575203495882075,9.42917254958785,9.285240561035472,9.143506652633016,9.004074625481437,8.867053069638281,8.732555453151914,8.600700184811314,8.471610644954245,8.345415178074685,8.222247040391403,8.102244295012314,7.985549646889847,7.872310209454026,7.762677194683173,7.656805518483728,7.554853313662688,7.456981343552222,7.363352310548524,7.27413005551064,7.1